100011101000000000000000
100011110000000000000000
100011101000000000001000
100011110000000000001000
100011101000000000010000
100011110000000000010000
100011101000000000011000
100011110000000000011000
100011101000000000100000
100011110000000000100000
100011101000000000101000
100011110000000000101000
100011101000000000110000
100011110000000000110000
100011101000000000111000
100011110000000000111000
100011101000000001000000
100011110000000001000000
100011101000000001001000
100011110000000001001000
100011101000000001010000
100011110000000001010000
100011101000000001011000
100011110000000001011000
100011101000000001100000
100011110000000001100000
100011101000000001101000
100011110000000001101000
100011101000000001110000
100011110000000001110000
100011101000000001111000
100011110000000001111000
100011101000000010000000
100011110000000010000000
100011101000000010001000
100011110000000010001000
100011101000000010010000
100011110000000010010000
100011101000000010011000
100011110000000010011000
100011101000000010100000
100011110000000010100000
100011101000000010101000
100011110000000010101000
100011101000000010110000
100011110000000010110000
100011101000000010111000
100011110000000010111000
100011101000000011000000
100011110000000011000000
100011101000000011001000
100011110000000011001000
100011101000000011010000
100011110000000011010000
100011101000000011011000
100011110000000011011000
100011101000000011100000
100011110000000011100000
100011101000000011101000
100011110000000011101000
100011101000000011110000
100011110000000011110000
100011101000000011111000
100011110000000011111000
100011101000000100000000
100011110000000100000000
100011101000000100001000
100011110000000100001000
100011101000000100010000
100011110000000100010000
100011101000000100011000
100011110000000100011000
100011101000000100100000
100011110000000100100000
100011101000000100101000
100011110000000100101000
100011101000000100110000
100011110000000100110000
100011101000000100111000
100011110000000100111000
100011101000000101000000
100011110000000101000000
100011101000000101001000
100011110000000101001000
100011101000000101010000
100011110000000101010000
100011101000000101011000
100011110000000101011000
100011101000000101100000
100011110000000101100000
100011101000000101101000
100011110000000101101000
100011101000000101110000
100011110000000101110000
100011101000000101111000
100011110000000101111000
100011101000000110000000
100011110000000110000000
100011101000000110001000
100011110000000110001000
100011101000000110010000
100011110000000110010000
100011101000000110011000
100011110000000110011000
100011101000000110100000
100011110000000110100000
100011101000000110101000
100011110000000110101000
100011101000000110110000
100011110000000110110000
100011101000000110111000
100011110000000110111000
100011101000000111000000
100011110000000111000000
100011101000000111001000
100011110000000111001000
100011101000000111010000
100011110000000111010000
100011101000000111011000
100011110000000111011000
100011101000000111100000
100011110000000111100000
100011101000000111101000
100011110000000111101000
100011101000000111110000
100011110000000111110000
100011101000000111111000
100011110000000111111000
100011101000001000000000
100011110000001000000000
100011101000001000001000
100011110000001000001000
100011101000001000010000
100011110000001000010000
100011101000001000011000
100011110000001000011000
100011101000001000100000
100011110000001000100000
100011101000001000101000
100011110000001000101000
100011101000001000110000
100011110000001000110000
100011101000001000111000
100011110000001000111000
100011101000001001000000
100011110000001001000000
100011101000001001001000
100011110000001001001000
100011101000001001010000
100011110000001001010000
100011101000001001011000
100011110000001001011000
100011101000001001100000
100011110000001001100000
100011101000001001101000
100011110000001001101000
100011101000001001110000
100011110000001001110000
100011101000001001111000
100011110000001001111000
100011101000001010000000
100011110000001010000000
100011101000001010001000
100011110000001010001000
100011101000001010010000
100011110000001010010000
100011101000001010011000
100011110000001010011000
100011101000001010100000
100011110000001010100000
100011101000001010101000
100011110000001010101000
100011101000001010110000
100011110000001010110000
100011101000001010111000
100011110000001010111000
100011101000001011000000
100011110000001011000000
100011101000001011001000
100011110000001011001000
100011101000001011010000
100011110000001011010000
100011101000001011011000
100011110000001011011000
100011101000001011100000
100011110000001011100000
100011101000001011101000
100011110000001011101000
100011101000001011110000
100011110000001011110000
100011101000001011111000
100011110000001011111000
100011101000001100000000
100011110000001100000000
100011101000001100001000
100011110000001100001000
100011101000001100010000
100011110000001100010000
100011101000001100011000
100011110000001100011000
100011101000001100100000
100011110000001100100000
100011101000001100101000
100011110000001100101000
100011101000001100110000
100011110000001100110000
100011101000001100111000
100011110000001100111000
100011101000001101000000
100011110000001101000000
100011101000001101001000
100011110000001101001000
100011101000001101010000
100011110000001101010000
100011101000001101011000
100011110000001101011000
100011101000001101100000
100011110000001101100000
100011101000001101101000
100011110000001101101000
100011101000001101110000
100011110000001101110000
100011101000001101111000
100011110000001101111000
100011101000001110000000
100011110000001110000000
100011101000001110001000
100011110000001110001000
100011101000001110010000
100011110000001110010000
100011101000001110011000
100011110000001110011000
100011101000001110100000
100011110000001110100000
100011101000001110101000
100011110000001110101000
100011101000001110110000
100011110000001110110000
100011101000001110111000
100011110000001110111000
100011101000001111000000
100011110000001111000000
100011101000001111001000
100011110000001111001000
100011101000001111010000
100011110000001111010000
100011101000001111011000
100011110000001111011000
100011101000001111100000
100011110000001111100000
100011101000001111101000
100011110000001111101000
100011101000001111110000
100011110000001111110000
100011101000001111111000
100011110000001111111000
100011101000010000000000
100011110000010000000000
100011101000010000001000
100011110000010000001000
100011101000010000010000
100011110000010000010000
100011101000010000011000
100011110000010000011000
100011101000010000100000
100011110000010000100000
100011101000010000101000
100011110000010000101000
100011101000010000110000
100011110000010000110000
100011101000010000111000
100011110000010000111000
100011101000010001000000
100011110000010001000000
100011101000010001001000
100011110000010001001000
100011101000010001010000
100011110000010001010000
100011101000010001011000
100011110000010001011000
100011101000010001100000
100011110000010001100000
100011101000010001101000
100011110000010001101000
100011101000010001110000
100011110000010001110000
100011101000010001111000
100011110000010001111000
100011101000010010000000
100011110000010010000000
100011101000010010001000
100011110000010010001000
100011101000010010010000
100011110000010010010000
100011101000010010011000
100011110000010010011000
100011101000010010100000
100011110000010010100000
100011101000010010101000
100011110000010010101000
100011101000010010110000
100011110000010010110000
100011101000010010111000
100011110000010010111000
100011101000010011000000
100011110000010011000000
100011101000010011001000
100011110000010011001000
100011101000010011010000
100011110000010011010000
100011101000010011011000
100011110000010011011000
100011101000010011100000
100011110000010011100000
100011101000010011101000
100011110000010011101000
100011101000010011110000
100011110000010011110000
100011101000010011111000
100011110000010011111000
100011101000010100000000
100011110000010100000000
100011101000010100001000
100011110000010100001000
100011101000010100010000
100011110000010100010000
100011101000010100011000
100011110000010100011000
100011101000010100100000
100011110000010100100000
100011101000010100101000
100011110000010100101000
100011101000010100110000
100011110000010100110000
100011101000010100111000
100011110000010100111000
100011101000010101000000
100011110000010101000000
100011101000010101001000
100011110000010101001000
100011101000010101010000
100011110000010101010000
100011101000010101011000
100011110000010101011000
100011101000010101100000
100011110000010101100000
100011101000010101101000
100011110000010101101000
100011101000010101110000
100011110000010101110000
100011101000010101111000
100011110000010101111000
100011101000010110000000
100011110000010110000000
100011101000010110001000
100011110000010110001000
100011101000010110010000
100011110000010110010000
100011101000010110011000
100011110000010110011000
100011101000010110100000
100011110000010110100000
100011101000010110101000
100011110000010110101000
100011101000010110110000
100011110000010110110000
100011101000010110111000
100011110000010110111000
100011101000010111000000
100011110000010111000000
100011101000010111001000
100011110000010111001000
100011101000010111010000
100011110000010111010000
100011101000010111011000
100011110000010111011000
100011101000010111100000
100011110000010111100000
100011101000010111101000
100011110000010111101000
100011101000010111110000
100011110000010111110000
100011101000010111111000
100011110000010111111000
100011101000011000000000
100011110000011000000000
100011101000011000001000
100011110000011000001000
100011101000011000010000
100011110000011000010000
100011101000011000011000
100011110000011000011000
100011101000011000100000
100011110000011000100000
100011101000011000101000
100011110000011000101000
100011101000011000110000
100011110000011000110000
100011101000011000111000
100011110000011000111000
100011101000011001000000
100011110000011001000000
100011101000011001001000
100011110000011001001000
100011101000011001010000
100011110000011001010000
100011101000011001011000
100011110000011001011000
100011101000011001100000
100011110000011001100000
100011101000011001101000
100011110000011001101000
100011101000011001110000
100011110000011001110000
100011101000011001111000
100011110000011001111000
100011101000011010000000
100011110000011010000000
100011101000011010001000
100011110000011010001000
100011101000011010010000
100011110000011010010000
100011101000011010011000
100011110000011010011000
100011101000011010100000
100011110000011010100000
100011101000011010101000
100011110000011010101000
100011101000011010110000
100011110000011010110000
100011101000011010111000
100011110000011010111000
100011101000011011000000
100011110000011011000000
100011101000011011001000
100011110000011011001000
100011101000011011010000
100011110000011011010000
100011101000011011011000
100011110000011011011000
100011101000011011100000
100011110000011011100000
100011101000011011101000
100011110000011011101000
100011101000011011110000
100011110000011011110000
100011101000011011111000
100011110000011011111000
100011101000011100000000
100011110000011100000000
100011101000011100001000
100011110000011100001000
100011101000011100010000
100011110000011100010000
100011101000011100011000
100011110000011100011000
100011101000011100100000
100011110000011100100000
100011101000011100101000
100011110000011100101000
100011101000011100110000
100011110000011100110000
100011101000011100111000
100011110000011100111000
100011101000011101000000
100011110000011101000000
100011101000011101001000
100011110000011101001000
100011101000011101010000
100011110000011101010000
100011101000011101011000
100011110000011101011000
100011101000011101100000
100011110000011101100000
100011101000011101101000
100011110000011101101000
100011101000011101110000
100011110000011101110000
100011101000011101111000
100011110000011101111000
100011101000011110000000
100011110000011110000000
100011101000011110001000
100011110000011110001000
100011101000011110010000
100011110000011110010000
100011101000011110011000
100011110000011110011000
100011101000011110100000
100011110000011110100000
100011101000011110101000
100011110000011110101000
100011101000011110110000
100011110000011110110000
100011101000011110111000
100011110000011110111000
100011101000011111000000
100011110000011111000000
100011101000011111001000
100011110000011111001000
100011101000011111010000
100011110000011111010000
100011101000011111011000
100011110000011111011000
100011101000011111100000
100011110000011111100000
100011101000011111101000
100011110000011111101000
100011101000011111110000
100011110000011111110000
100011101000011111111000
100011110000011111111000
